Var	1	2	3	4	5	6	7	8	9	10	11	12	13	14	15	16	17	18	19	20	21	22	23	24	25	26	27	28	29	30	31	32
Y4_die1	1	1	1	1	1	1	1	1	0	1	1	0	0	0	1	0	0	0	0	0	0	0	0	0	0	0	0	0	0	0	0	0
Y4_die2	0	0	1	0	0	0	1	1	0	1	0	0	1	0	1	0	1	1	0	0	0	0	0	1	1	1	1	1	0	1	1	0
Y4_die3	1	0	1	0	0	1	0	0	0	0	0	1	1	0	0	0	1	1	1	0	0	0	0	0	0	0	1	0	0	0	0	0
Y4_die4	0	0	1	0	0	0	0	0	0	0	0	0	0	0	0	1	1	1	1	1	1	1	1	1	1	1	1	1	1	1	1	1
Y4_die5	1	0	0	1	1	1	0	1	1	1	1	1	0	1	1	0	0	0	0	0	0	0	0	0	0	0	0	0	0	0	0	0
Y4_die6	1	0	0	1	1	1	0	1	0	0	1	0	0	0	0	0	1	1	0	1	1	1	1	0	0	1	0	1	1	1	1	1
Y4_die7	1	1	1	1	0	1	1	1	1	1	1	1	1	1	1	0	1	1	0	0	0	0	0	0	0	0	0	1	1	0	0	1
Y4_die9	0	1	1	0	0	1	0	0	1	0	0	0	1	0	0	0	1	0	0	0	0	0	0	1	1	0	1	1	1	0	1	1
Y4_die10	1	1	1	1	1	1	1	1	1	1	1	1	1	1	1	1	1	1	1	1	1	1	0	0	0	1	1	1	1	1	0	1
Y4_die11	1	0	1	0	0	0	0	0	0	0	0	0	0	0	0	1	1	1	1	1	1	1	0	0	1	1	0	1	1	0	1	1
Y4_die12	1	1	1	1	1	1	0	1	0	1	1	1	1	1	1	0	0	0	0	0	0	0	0	0	0	0	0	1	0	1	0	1
Y4_die13	1	0	1	1	0	0	0	0	0	1	1	1	0	0	0	1	1	1	0	0	0	0	0	0	0	1	1	1	0	1	0	0
Y4_die14	1	1	1	1	0	0	0	1	0	0	1	1	1	0	0	0	0	0	0	0	0	0	0	0	0	0	1	1	0	1	0	0
Y3_die1	1	1	1	1	1	1	1	1	1	1	1	1	1	1	1	1	1	1	1	1	1	1	1	1	1	1	1	1	1	0	1	0
Y3_die2	0	1	0	0	1	1	0	0	1	0	0	0	0	1	0	0	0	1	0	0	0	0	0	0	0	0	0	0	1	1	1	1
Y3_die3	0	0	1	0	0	0	1	1	0	0	0	0	0	1	0	0	1	1	0	0	1	1	1	1	1	1	1	1	1	1	1	1
Y3_die4	1	0	1	0	1	0	0	1	1	0	1	0	0	1	1	0	0	0	0	0	0	1	1	0	0	0	0	0	0	0	0	0
Y3_die5	1	1	1	0	1	0	0	0	0	1	0	0	0	1	1	0	0	0	0	0	0	0	0	0	0	0	0	0	0	0	0	0
Y3_die6	0	1	1	0	1	1	1	1	0	1	1	1	1	1	1	1	0	1	0	1	1	1	1	1	1	1	1	0	1	0	1	1
Y3_die7	1	1	1	1	1	1	0	1	1	1	0	0	1	0	1	0	0	0	0	0	1	0	0	0	0	0	0	0	1	0	0	1
Y3_die8	1	1	1	0	1	1	1	1	0	0	0	0	1	1	0	0	0	0	0	0	0	0	0	0	0	0	0	0	0	0	0	0
Y3_die9	1	0	1	1	1	1	1	1	1	0	1	1	0	1	1	0	0	0	1	1	1	1	1	1	1	1	1	1	1	1	1	1
Y3_die10	1	1	1	0	0	1	1	0	1	1	1	1	1	1	0	0	0	0	0	0	0	0	0	0	0	0	0	1	0	0	0	0
Y2_die1	1	1	1	1	0	1	1	1	1	1	1	0	1	0	0	0	1	0	0	0	1	1	1	1	1	1	1	1	1	1	0	0
Y2_die2	0	0	0	1	0	0	0	1	0	0	0	0	0	0	0	1	1	1	1	1	1	1	1	1	1	1	1	1	1	1	1	1
Y2_die3	1	1	1	1	1	1	0	1	1	1	1	1	1	1	1	0	0	0	1	1	0	0	1	0	1	1	0	0	1	0	1	1
Y2_die4	1	1	1	1	1	1	1	1	1	1	1	1	1	1	1	0	0	0	0	0	0	0	0	0	0	0	0	0	0	1	0	0
Y2_die5	1	1	0	1	0	0	1	0	1	0	1	1	0	0	0	0	0	0	0	0	0	0	0	0	0	0	0	0	0	0	0	0
Y2_die6	1	1	1	1	1	1	1	1	1	1	1	0	1	1	0	1	0	0	0	1	1	0	1	0	0	1	1	1	0	0	0	0
Y2_die7	0	1	1	0	0	1	1	0	1	1	1	1	1	0	0	1	1	1	1	1	1	1	1	1	1	1	1	0	1	1	1	1
Y2_die8	1	1	0	0	1	1	1	1	0	0	1	0	1	0	0	0	0	0	0	0	0	0	0	0	0	0	1	1	0	0	0	1
Y2_die9	1	1	1	1	1	1	1	1	0	0	0	0	1	0	1	1	1	1	1	1	1	1	1	1	1	1	1	1	1	1	1	1
Y2_die10	1	0	1	1	0	1	1	1	1	1	0	1	0	0	0	1	1	1	1	1	1	1	1	1	1	1	1	1	1	1	1	1
Y1_die1	1	0	0	1	0	1	1	1	1	1	1	1	1	1	1	1	1	0	0	0	0	0	1	0	0	1	1	1	0	1	0	0
Y1_die2	1	1	1	1	1	0	1	1	1	1	1	1	1	1	0	1	1	1	1	1	1	1	1	1	1	1	1	1	1	1	1	1
Y1_die3	1	0	0	0	1	1	0	1	0	1	1	1	0	0	1	0	0	0	0	0	0	0	0	0	0	0	0	0	0	0	0	0
Y1_die4	1	0	0	1	0	0	1	1	1	1	1	1	1	1	1	0	1	1	1	1	1	1	0	1	1	1	1	1	1	1	1	1
Y1_die5	1	1	1	0	1	0	1	1	0	1	1	1	0	1	1	0	1	1	1	1	1	1	1	1	1	0	1	0	1	0	1	1
Y1_die6	1	1	1	1	0	0	1	1	1	0	1	1	1	1	1	0	0	0	0	0	1	0	1	0	1	1	1	1	0	1	1	0
Y1_die7	1	1	1	1	1	1	1	1	1	1	1	0	1	1	1	0	0	1	0	0	0	0	0	0	0	0	1	0	0	0	0	1
Y1_die8	0	0	1	0	0	0	1	0	0	0	0	0	0	1	0	1	1	1	1	1	1	1	1	1	1	1	1	1	1	1	1	1
Y1_die9	1	1	0	1	0	0	0	1	0	0	1	0	0	0	0	1	0	0	0	1	0	0	0	1	0	0	0	0	0	0	0	0
Y1_die10	0	0	0	1	0	0	0	0	0	0	0	0	0	0	0	1	1	1	0	0	1	0	1	0	0	0	0	0	0	0	0	0
Y1_die11	1	1	1	1	1	1	0	1	1	0	1	1	1	1	1	0	1	0	1	1	1	1	1	1	0	1	0	0	1	1	1	1
Y1_die12	0	0	1	1	0	1	0	0	0	1	0	0	0	0	0	0	0	0	0	0	0	0	0	1	0	0	1	0	0	0	0	0
Y1_die13	0	0	0	0	0	0	1	0	1	0	0	1	0	1	0	1	0	1	0	1	0	0	0	1	1	0	1	1	0	0	1	0
Y1_die14	0	0	1	0	0	0	1	0	1	1	1	1	1	0	0	0	0	0	0	0	0	0	0	1	1	0	0	0	0	0	0	0
Y7_die1	0	1	0	0	0	0	1	1	1	1	1	1	0	1	0	0	1	0	0	1	0	1	1	1	0	1	0	0	0	0	0	0
Y7_die2	1	1	1	1	0	1	1	1	1	1	1	0	0	1	1	0	0	0	0	1	1	1	1	0	1	0	0	1	1	0	1	1
Y7_die3	0	0	1	0	0	1	0	0	0	0	1	0	0	0	1	0	0	1	1	0	1	0	1	0	1	1	0	0	0	1	1	0
Y7_die4	0	1	1	1	0	1	0	0	0	0	0	0	0	0	0	1	1	0	0	0	0	0	0	1	0	0	0	0	0	0	0	1
Y7_die5	1	1	1	1	0	1	1	1	1	1	1	1	1	0	0	1	1	0	0	0	1	0	0	1	1	0	1	1	0	0	1	0
Y7_die6	1	1	0	1	0	1	0	0	0	0	0	0	0	1	1	0	1	0	0	0	0	0	0	1	1	1	1	1	0	0	0	0
Y7_die7	1	1	1	1	1	1	1	1	1	1	1	1	1	1	1	0	0	0	1	0	1	1	0	1	0	1	1	0	0	0	1	0
Y7_die8	1	0	1	1	0	0	0	0	0	0	1	0	0	1	0	0	0	0	0	0	0	1	1	0	0	0	1	0	0	1	0	1
Y9_die1	1	1	1	1	1	0	0	0	0	0	0	1	0	1	0	1	1	1	1	1	1	1	1	1	1	1	1	1	1	1	1	0
Y9_die2	1	1	1	1	0	1	0	1	0	1	0	0	0	0	0	0	1	0	0	0	0	0	0	0	0	0	0	0	1	1	1	1
Y9_die3	0	1	0	0	1	0	0	0	0	1	0	1	1	1	1	1	1	0	0	0	0	0	0	1	0	0	0	0	1	0	1	0
Y9_die4	1	1	1	1	1	1	1	1	1	1	1	1	1	1	1	0	0	1	1	0	0	1	0	0	1	0	1	0	0	1	1	0
Y9_die5	1	1	1	1	1	1	1	0	1	0	0	1	1	1	1	0	0	0	0	0	0	0	1	0	0	0	0	0	0	1	0	0
Y9_die6	1	1	1	1	1	1	1	0	1	1	1	1	1	1	0	0	0	0	0	0	0	0	0	0	0	0	0	0	0	0	0	1
Y9_die7	1	1	0	1	1	1	0	0	0	1	0	0	0	0	0	0	0	0	0	0	0	0	0	0	0	0	0	0	1	0	1	0
Y9_die8	0	0	0	0	0	0	0	0	0	0	0	0	0	0	0	1	1	1	1	1	1	1	1	1	1	1	1	1	1	1	1	1
Y10_die1	0	0	1	1	1	0	1	1	1	0	1	1	1	1	1	0	0	1	0	0	0	0	0	0	0	1	1	0	0	0	0	0
Y10_die2	0	0	0	1	1	0	0	1	0	0	1	1	1	0	1	0	0	0	0	0	0	0	0	0	0	1	0	0	0	0	0	0
Y10_die3	1	0	1	1	0	1	0	0	0	0	0	1	1	0	0	1	0	0	0	0	0	0	0	0	0	0	0	0	0	0	0	1
Y10_die4	1	1	1	1	1	1	1	1	1	1	1	1	1	1	1	0	0	0	0	0	0	0	0	0	0	0	1	1	1	0	1	1
Y10_die5	1	1	0	1	1	1	1	1	1	0	0	1	0	1	1	0	0	0	0	0	0	0	1	1	0	0	1	1	1	0	1	1
Y11_die1	1	1	1	1	1	1	1	1	1	1	1	1	1	1	1	0	0	0	0	0	0	0	0	0	0	0	1	1	0	0	0	1
Y11_die2	1	1	0	0	1	1	0	1	0	0	0	0	0	0	0	0	0	0	1	0	0	1	0	0	0	0	0	0	0	0	0	0
Y11_die3	1	1	0	0	0	0	0	0	0	0	0	0	0	1	1	0	1	0	0	0	0	0	0	0	0	0	0	1	0	0	1	1
Y11_die4	1	0	1	1	0	0	1	0	0	0	0	0	0	0	0	0	1	0	0	0	0	0	0	0	0	0	0	0	0	0	0	0
Y11_die5	1	1	1	1	1	1	1	1	1	1	1	1	1	1	1	0	1	0	0	0	0	0	0	0	0	1	0	0	0	0	0	1
Y11_die6	1	1	1	0	0	0	0	1	1	1	0	0	0	0	0	0	0	1	1	0	1	1	1	0	0	1	0	0	0	0	0	0
Y11_die7	1	1	1	0	0	1	1	0	0	1	0	0	1	0	0	0	0	0	0	0	0	0	0	0	0	1	1	0	0	0	0	0
Y11_die8	0	0	0	0	1	0	0	0	0	0	0	0	0	1	0	0	0	1	1	1	1	1	1	1	1	1	1	1	1	1	1	0
Y11_die9	0	1	1	1	0	0	0	0	0	0	0	1	0	0	0	0	0	1	1	1	1	0	0	1	1	1	0	1	1	0	1	0
Y11_die10	1	0	0	0	1	1	1	0	1	0	0	0	0	0	0	0	1	1	0	1	0	1	0	1	0	0	0	0	1	0	1	0
Y13_die1	1	1	0	0	1	1	1	1	1	1	1	1	1	1	1	0	1	0	0	0	0	0	0	0	0	0	0	0	0	0	0	1
Y13_die2	1	1	0	0	0	0	0	0	0	0	0	1	0	0	0	1	1	1	1	1	1	1	1	1	1	1	1	1	1	1	1	1
Y13_die3	1	1	0	1	0	1	1	0	0	1	0	1	1	0	0	1	1	0	1	0	1	0	1	0	1	1	1	1	1	1	1	0
Y13_die4	0	0	1	1	1	0	1	1	0	0	0	0	0	1	1	0	0	0	1	0	0	0	1	0	0	0	1	0	0	1	0	0
Y13_die5	1	1	1	1	1	1	1	1	1	1	1	1	0	1	1	1	0	0	0	1	1	1	1	1	1	1	1	1	1	1	1	1
Y13_die6	1	0	0	0	1	0	1	0	1	1	0	1	1	0	0	0	0	1	0	0	0	1	1	0	0	0	0	0	1	0	1	1
Y13_die7	1	1	0	1	1	1	0	1	1	1	1	1	1	1	0	0	1	1	1	1	1	0	0	0	0	0	1	1	1	0	1	0
Y13_die8	1	1	0	0	1	1	1	1	1	0	1	0	0	0	1	1	1	1	0	1	1	0	1	1	1	1	0	0	0	1	0	0
Y13_die9	1	1	1	1	1	1	1	1	1	1	1	1	1	1	1	0	0	0	0	0	0	0	0	0	0	0	0	0	0	0	0	1
Y13_die10	1	1	0	0	0	0	0	0	1	0	1	1	0	0	1	0	0	0	0	0	1	0	0	0	0	0	0	0	0	0	0	0
Y13_die11	1	1	0	0	0	0	1	0	0	0	0	1	1	1	1	1	0	1	0	0	1	1	1	1	0	1	1	1	1	1	1	1
Y13_die12	1	1	1	1	1	1	0	1	1	1	1	0	1	1	1	0	0	0	0	0	0	0	0	0	0	0	0	0	0	1	0	1
Y13_die13	0	0	0	0	1	0	1	0	0	0	1	0	0	0	1	0	0	0	1	0	0	0	0	0	0	0	0	1	0	0	0	0
Y14_die1	0	0	1	1	0	0	0	0	0	0	1	0	0	0	0	1	1	1	1	1	1	0	1	0	1	1	0	1	0	0	0	1
Y14_die2	1	0	0	0	0	0	1	0	0	0	0	0	0	0	0	1	0	1	1	1	1	0	0	0	0	0	0	0	1	1	1	0
Y14_die3	0	0	1	1	1	0	0	0	0	1	0	0	0	0	1	1	1	1	1	1	1	1	1	1	1	1	1	0	1	0	1	0
Y14_die4	1	0	1	1	1	1	1	0	0	1	1	1	1	1	1	1	0	1	1	1	1	0	1	1	0	1	1	0	1	0	1	0
Y14_die5	0	0	0	1	0	0	0	1	1	0	0	1	0	1	0	0	0	0	0	0	0	0	0	0	0	0	0	0	0	0	0	0
Y14_die6	0	0	1	0	0	1	1	0	0	1	1	0	1	0	0	0	1	0	1	0	1	1	1	1	1	1	1	0	1	0	0	0
Y14_die7	1	0	1	0	0	0	0	0	0	1	0	0	0	0	0	0	1	0	1	1	1	1	1	1	1	1	1	1	1	0	1	1
Y14_die8	1	1	1	1	1	0	1	0	1	1	1	1	1	1	1	0	0	0	0	0	0	0	0	0	0	0	0	0	0	0	0	1
Y14_die9	0	0	1	1	0	1	1	1	1	1	0	1	1	1	0	1	0	0	0	0	0	0	1	0	0	0	0	0	0	0	0	0
Y14_die10	1	1	0	0	1	1	1	0	1	1	1	1	1	1	1	0	0	0	1	1	0	0	0	1	0	0	1	1	1	1	1	0
Y14_die11	0	0	1	0	1	0	1	0	0	0	0	1	0	1	0	1	1	1	1	1	1	0	1	1	1	1	1	0	1	0	1	1
Y14_die12	1	0	1	0	1	1	1	1	1	0	1	1	1	0	0	1	1	1	1	1	1	1	1	1	1	1	1	1	1	1	1	1
Y14_die13	1	0	1	1	1	0	0	1	0	0	0	1	0	1	0	0	0	0	0	0	0	0	0	0	0	0	0	0	1	0	1	1
Y14_die14	1	0	0	1	1	0	0	0	0	1	0	1	0	1	0	0	0	0	0	0	1	1	1	1	1	1	0	0	1	0	1	1
Y14_die15	1	0	0	0	0	1	0	0	1	1	0	0	0	0	0	1	1	0	1	0	1	1	1	1	1	1	1	1	1	1	0	0
Y14_die16	1	1	0	0	0	1	1	1	1	1	1	1	1	0	0	1	0	0	1	0	0	0	1	1	1	1	1	0	1	0	0	1
Y14_die17	1	1	1	1	1	1	1	1	1	1	1	1	1	1	1	0	0	0	0	0	0	0	0	0	0	0	0	0	0	0	0	0
Y14_die18	0	0	0	0	1	0	1	0	1	0	1	1	1	1	0	1	1	1	1	1	1	1	1	1	1	1	1	1	1	1	1	0
